0.018382300000121178
0.017541499999970254
0.014938400000028195
0.01657260000010865
0.018026699999973063
0.011827099999936763
0.010966499999994994
0.013462900000013179
0.011238100000082341
0.010902399999940826
0.010841400000026624
0.011035099999935483
0.011097700000027544
0.015197699999953329
0.017134099999930187
0.012806699999964621
0.013893099999950208
0.011467000000084226
0.013441499999862572
0.01370999999999185
0.011239600000044448
0.011277800000061688
0.010958899999968708
0.012287900000046648
0.015382299999873793
0.014021300000058546
0.02106629999998404
0.030494700000053852
0.014886400000068533
0.01936649999988731
0.017872600000009696
0.014524900000105844
0.014686499999879744
0.011749199999940174
0.012498500000037892
0.017950500000006288
0.015177899999980583
0.011413600000014412
0.011822499999834691
0.014407400000163762
0.011442499999975552
0.012150599999949918
0.016755700000067007
0.015354900000056659
0.020347599999877276
0.016543600000113658
0.018287599999894155
0.01889339999997901
0.014778200000000652
0.01119539999999688
